3.9105
3.8642499999999997
3.9730000000000003
4.562250000000001
3.7475
4.16
3.9564999999999997
4.131
3.6692499999999995
3.6784999999999997
3.5985
3.8564999999999996
3.6992500000000006
3.4760000000000004
4.357
3.528
4.29225
3.59075
3.5582499999999997
3.26025
3.78025
3.83925
3.7769999999999997
3.6734999999999998
4.5665000000000004
4.836499999999999
3.3235
4.375750000000001
4.18325
3.99525
4.6515
4.433
4.817749999999999
4.9915
5.406499999999999
4.796
4.92675
4.7065
5.33375
5.39175
4.72575
4.214250000000001
4.393
4.383
4.822
5.133
4.3115
4.58775
4.411
4.623
4.4265
3.9569999999999994
4.422499999999999
3.63825
3.6512499999999997
4.197750000000001
3.7002500000000005
4.90325
3.94225
3.5197499999999997
4.195749999999999
3.8832500000000003
3.79075
3.63675
3.4445
3.86875
3.96575
3.6477500000000007
3.7105000000000006
4.130750000000001
4.0815
3.5167500000000005
4.691
5.0089999999999995
4.858
4.89825
4.4235
4.46875
4.4182500000000005
5.27975
4.45575
5.08775
4.047
4.261
3.716
3.5155000000000003
3.3587499999999997
3.1297500000000005
4.124
4.8365
5.2965
5.45275
