3.624
3.41075
2.95025
3.35625
3.71475
4.652
4.54575
4.321
4.5495
3.781
4.29425
4.12225
5.2685
5.12725
4.840999999999999
4.572749999999999
3.611999999999999
3.7627499999999996
3.9527500000000004
4.12575
4.1545000000000005
4.339250000000001
3.93125
3.304
3.4777499999999995
3.78425
4.118
2.7885
3.19
3.434
3.40575
3.8875
3.75075
3.5409999999999995
3.7600000000000002
3.564999999999999
3.5497500000000004
4.08425
4.0545
3.6625
4.20425
3.843
3.9762500000000003
3.505
4.034999999999999
4.8237499999999995
4.71825
4.16275
4.13575
3.691
3.16075
3.2924999999999995
3.2145
3.0905
3.0395
3.53575
3.34225
3.3965000000000005
3.5185000000000004
3.3655
3.2784999999999997
3.14725
3.2464999999999997
3.31575
3.40275
2.839
2.7969999999999997
3.2269999999999994
3.478
3.138
3.3225000000000002
3.0585
3.56575
3.28075
3.1475
3.1545
3.65225
3.1727499999999997
3.27675
3.2742500000000008
3.8667500000000006
3.7947500000000005
4.193
4.10975
4.297
4.01225
4.0585
4.051
4.9875
4.3625
5.19175
4.819750000000001
4.230500000000001
4.5875
4.7005
4.64925
3.9775
4.030499999999999
4.3555
4.0775
3.6795
3.8605000000000005
4.28925
3.81575
4.11075
4.059749999999999
4.85525
4.976249999999999
5.18
5.63775
4.946000000000001
4.10625
3.6700000000000004
4.4595
4.60675
4.8100000000000005
3.87875
4.372
3.6487499999999997
4.659000000000001
4.95975
4.2379999999999995
5.1282499999999995
5.33975
5.25375
5.039
5.053
5.264749999999999
4.953
5.37575
4.82975
3.9859999999999998
4.894500000000001
4.406499999999999
3.50325
3.6375
3.74975
4.20275
4.006
3.5237499999999997
3.84125
3.72825
4.0405
4.72975
4.39775
3.9227499999999997
4.2545
4.372
4.45775
4.1775
4.75775
4.70475
4.762
4.85975
4.62125
4.16725
4.408499999999999
4.11
4.58825
4.3225
4.5954999999999995
5.1659999999999995
5.732
5.97275
6.0875
5.856
4.3185
5.112
4.784999999999999
4.6845
4.91475
5.41275
5.0585
5.4635
5.3475
4.8012500000000005
5.167
5.229
5.241750000000001
5.5095
4.53925
5.210500000000001
4.53175
4.3375
5.091500000000001
5.66275
5.628
4.8035
4.88875
5.5802499999999995
5.103
5.022
5.34225
5.29075
5.78025
5.61775
5.28875
5.682
4.926
5.180999999999999
4.11275
4.95
4.80175
4.815250000000001
4.162000000000001
3.1695
3.47575
3.6825
3.4590000000000005
3.3872500000000003
3.54225
3.21575
3.1225
3.09975
3.0765000000000002
3.383
3.16075
3.18025
3.1945
3.5107500000000003
3.6727499999999997
4.36175
4.015
3.63125
3.9685
4.24
4.2365
4.6335
4.7535
3.7715000000000005
4.7017500000000005
4.0995
4.2075000000000005
4.1485
4.486
3.9170000000000003
4.078
3.8945
4.00425
4.0355
4.3225
3.9897499999999995
3.7625
3.81375
3.4705
3.3582499999999995
3.9402500000000003
2.9872500000000004
3.46675
4.25925
4.212999999999999
3.757
3.6229999999999998
3.2600000000000002
3.3425
3.25575
3.3754999999999997
3.2049999999999996
3.28775
3.3162499999999993
3.6685000000000003
3.314749999999999
3.7032499999999997
3.10125
3.3435
3.6045000000000003
3.24975
3.1975
3.053
2.92825
2.9335
3.9284999999999997
3.7939999999999996
4.07575
4.47225
3.8557499999999996
4.1885
4.4445
4.07825
4.3260000000000005
4.361
4.4822500000000005
4.2895
3.6229999999999998
4.090999999999999
4.2135
4.02175
4.562749999999999
4.21225
4.0
3.6655
3.7215
3.5909999999999997
3.59725
3.4385
3.78625
3.8497499999999993
3.41425
3.7185
3.864
3.1100000000000003
4.03275
4.2665
3.0342499999999997
4.0555
4.6697500000000005
4.76
4.5555
4.493
4.246
4.16375
3.9894999999999996
4.0
3.8125
3.9402500000000003
3.39775
4.371
3.8129999999999997
3.9955
3.5932500000000003
3.6710000000000003
4.654999999999999
4.04
4.23275
4.815
4.6975
4.4159999999999995
3.873
3.9212499999999997
3.8864999999999994
3.9002500000000007
4.430499999999999
4.76725
4.4835
3.6974999999999993
3.8579999999999997
3.7317500000000003
4.110250000000001
3.2864999999999993
3.5419999999999994
3.5325
3.9260000000000006
4.3685
3.7722499999999997
3.5037499999999993
3.5305
3.8577500000000002
4.462000000000001
3.9269999999999996
4.058750000000001
3.8435
4.434
3.9190000000000005
3.9465000000000003
4.536250000000001
3.9747500000000002
3.8282499999999997
4.147
4.026
3.32575
3.9117500000000005
3.5879999999999996
3.6125
3.7565
4.006749999999999
3.9899999999999998
3.246
2.9122500000000002
3.4940000000000007
3.307
3.2030000000000003
2.69625
3.46875
3.5725000000000002
3.668
3.153
4.1315
4.306749999999999
4.90625
4.319249999999999
3.934
3.844500000000001
4.260250000000001
4.303749999999999
3.72575
4.309749999999999
3.2012500000000004
3.4345
4.267
4.012
4.2205
4.5947499999999994
4.5715
5.12125
4.4845
4.1635
3.77975
4.02675
4.53825
5.53175
5.364
4.67575
4.455
3.9515000000000002
4.2322500000000005
4.33
4.587
5.0705
5.5657499999999995
5.2947500000000005
5.5705
4.89
4.46175
5.16625
4.41075
5.169
5.183249999999999
5.24275
5.368
5.66475
5.3035000000000005
5.80675
5.1579999999999995
5.3795
5.556
4.89025
5.203749999999999
5.279999999999999
4.80875
4.24625
4.191750000000001
4.46825
4.388
3.524
3.59675
3.434
3.4482500000000003
3.4627499999999998
3.528
3.38
4.51575
3.6415000000000006
4.68075
5.0592500000000005
4.516250000000001
4.2165
4.973750000000001
4.742
4.29975
4.604
3.8845
3.4105000000000003
3.2637500000000004
2.7359999999999998
3.2879999999999994
3.2302500000000003
3.1655
3.3875
3.2630000000000003
3.5167499999999996
3.7689999999999997
3.9862499999999996
3.54925
3.3097499999999997
3.5455000000000005
3.7737499999999997
4.60225
3.99375
4.46925
4.7425
3.71725
4.937749999999999
4.1515
4.215
4.2295
4.386
3.9212500000000006
3.5295
4.037999999999999
3.73825
3.4942499999999996
3.7557500000000004
3.232
3.25925
3.2902499999999995
3.001
3.2377499999999997
3.3659999999999997
3.3165
3.28175
3.06075
3.13575
4.226999999999999
4.6375
4.354
4.66
5.025
5.2805
5.375249999999999
4.23325
4.274
4.3695
4.26925
4.1015
4.320749999999999
4.721
4.51775
5.1425
3.6670000000000003
4.634
4.6165
4.828749999999999
4.438750000000001
3.9555
4.01325
3.47575
3.228
3.40475
3.34175
3.57275
3.6317499999999994
3.7640000000000002
3.9875
4.795999999999999
4.90475
5.206999999999999
5.2915
5.06975
4.618
4.7284999999999995
3.75025
3.68825
3.7375
3.9237499999999996
3.439
3.5445000000000007
3.6665000000000005
3.7432499999999997
3.4099999999999993
3.4747500000000002
2.9887500000000005
2.876
3.2254999999999994
3.40175
3.6932500000000004
3.4747500000000002
3.13175
3.0735
3.2119999999999997
3.2039999999999997
3.4135000000000004
3.22025
3.771
3.46225
3.75275
3.5087500000000005
3.4615
4.32425
4.04975
4.5802499999999995
4.23775
5.024749999999999
5.1135
4.461499999999999
4.02475
4.7005
3.7879999999999994
3.4769999999999994
4.0175
3.5472499999999996
3.47025
3.944
3.7350000000000003
4.1225000000000005
4.148000000000001
3.8455
4.085500000000001
3.8890000000000002
3.85475
3.625
3.4692499999999997
2.94
3.3010000000000006
3.2695
3.53275
3.73825
3.6950000000000003
3.2662499999999994
3.21475
3.3872500000000003
3.6072499999999996
3.6077500000000002
3.45075
3.4260000000000006
3.5277499999999997
3.5509999999999997
3.2165
3.4582499999999996
3.75775
3.6835
3.1910000000000003
3.3707499999999997
3.457
3.18825
3.64675
3.7037500000000003
4.20325
4.6427499999999995
4.04425
4.4799999999999995
4.51375
4.516249999999999
4.067749999999999
3.65325
4.07975
3.94125
4.16375
4.438000000000001
4.82
4.5435
4.38575
4.867
4.7444999999999995
4.61125
4.77525
5.2115
4.1235
4.57675
4.66275
5.390000000000001
4.90125
4.49225
5.029999999999999
5.038
5.36575
4.70425
4.1930000000000005
4.72175
4.1075
4.4865
4.319
4.75225
4.8759999999999994
4.6697500000000005
4.4159999999999995
4.20125
4.247249999999999
3.81225
3.9065
3.992
4.518
4.625249999999999
4.015000000000001
4.46075
4.337000000000001
4.817
4.7707500000000005
3.893
3.3025000000000007
3.1699999999999995
3.1630000000000003
3.4942499999999996
3.3235
3.37975
3.62
3.4284999999999997
3.12975
3.3307499999999997
3.47025
3.5957500000000002
3.58725
3.4230000000000005
3.77175
4.16575
4.276000000000001
4.197000000000001
4.6785
5.218249999999999
4.85625
4.842499999999999
5.17525
4.3157499999999995
4.0875
4.410500000000001
4.5375
4.650499999999999
4.251
4.519499999999999
4.04675
4.217499999999999
4.41375
4.87875
4.87
4.744249999999999
4.695500000000001
5.08175
4.4384999999999994
3.8230000000000004
3.83425
3.8225000000000002
3.3252499999999996
3.84875
4.162249999999999
4.02025
4.4665
4.1285
4.3645
4.30725
4.8325000000000005
3.8032500000000007
3.6
3.25625
3.10975
3.95
3.2224999999999993
3.6205
3.5147499999999994
3.098
3.149
3.4195
3.321249999999999
3.5780000000000003
4.404249999999999
3.342
3.49875
3.37175
3.109
3.4862499999999996
3.6757499999999994
4.0280000000000005
3.558
4.41075
4.08625
4.470750000000001
3.8377500000000007
4.03625
4.479
4.21525
4.332000000000001
4.034000000000001
4.41325
4.851
4.930750000000001
4.7005
4.379250000000001
4.04275
4.123
4.233500000000001
4.993250000000001
4.183249999999999
3.8472500000000003
4.6129999999999995
3.607
3.8942499999999995
4.29025
4.945
4.319
4.600499999999999
4.0765
3.7619999999999996
3.9474999999999993
3.434
3.085
3.186
3.2605000000000004
3.1765
3.42725
4.014749999999999
3.3582499999999995
3.81325
3.4522500000000003
3.16275
3.4202500000000002
3.9567500000000004
3.7604999999999995
3.7585
4.401999999999999
3.835
3.95775
4.0655
4.25475
3.7295000000000003
4.29175
4.3614999999999995
3.62875
3.3950000000000005
2.89575
3.1385
2.94375
2.59025
2.856
3.3605000000000005
2.9519999999999995
2.96025
3.1242499999999995
3.90125
4.58375
3.84875
3.5430000000000006
3.4019999999999997
4.53475
4.329
3.3939999999999997
3.7949999999999995
3.6987500000000004
3.8512500000000003
4.100499999999999
3.1704999999999997
3.1387500000000004
2.9435000000000002
3.00775
3.3095
3.7005000000000003
3.9274999999999998
3.13625
2.7984999999999998
2.842
2.71575
3.054
2.6752499999999997
2.659
2.7355
3.1159999999999997
3.2784999999999997
3.2045000000000003
3.04575
3.3485
3.7980000000000005
4.142999999999999
3.8689999999999998
3.3637500000000005
2.8612499999999996
3.3692499999999996
3.617
3.655
3.39525
3.12825
3.7192499999999997
3.2939999999999996
3.33675
2.7942500000000003
2.77875
3.0612500000000002
2.855
2.97025
2.91525
2.8337499999999998
2.843
2.779
2.90625
2.691
2.6390000000000002
2.53475
3.2237500000000003
3.725
3.595999999999999
3.942
4.214499999999999
3.6895
3.92575
3.83925
3.9762500000000003
3.8002500000000006
